Rank	Zip Code	Population	
1	90011	110,750	
2	90650	104,524	
3	91331	103,683	
4	90201	100,512	
5	90044	99,980	
6	92335	99,242	
7	92336	98,731	
8	94565	97,249	
9	90250	95,115	
10	90805	95,094	
11	90280	94,905	
12	91342	94,432	
13	92503	93,032	
14	92683	90,833	
15	91710	90,481	
16	92154	89,886	
17	91911	88,593	
18	92804	88,173	
19	92376	86,719	
20	93307	86,273	
21	92592	86,115	
22	92704	85,935	
23	93722	85,811	
24	94112	85,053	
25	93033	84,902	
26	93727	84,656	
27	95076	84,281	
28	92345	83,731	
29	91744	83,396	
30	92126	83,257	
31	91709	82,800	
32	92509	82,377	
33	91335	80,937	
34	95823	80,842	
35	95630	79,584	
36	94533	78,695	
37	94544	78,333	
38	91706	76,581	
39	90706	76,339	
40	92105	75,990	
41	93550	75,617	
42	93257	75,483	
43	95035	75,367	
44	93274	75,068	
45	94587	75,067	
46	93535	74,944	
47	91730	74,843	
48	92882	74,742	
49	92805	74,557	
50	94536	74,544	
51	90255	74,390	
52	93306	74,296	
53	91910	74,233	
54	90003	74,117	
55	92553	74,107	
56	94110	72,765	
57	92880	72,614	
58	93065	71,906	
59	92563	71,394	
60	91766	71,189	
61	92021	71,183	
62	91402	70,702	
63	95123	70,005	
64	92114	69,858	
65	90262	69,369	
66	94509	69,295	
67	95687	69,073	
68	93230	68,896	
69	90631	68,748	
70	93536	68,575	
71	95747	68,541	
72	92407	67,866	
73	90026	67,657	
74	90037	67,377	
75	94538	67,283	
76	94080	67,263	
77	95624	67,017	
78	94558	66,854	
79	92703	66,428	
80	94541	66,182	
81	90022	66,168	
82	95758	65,952	
83	92801	65,757	
84	95206	65,643	
85	92677	65,508	
86	94513	65,454	
87	91343	65,344	
88	94015	65,199	
89	92562	65,159	
90	92201	64,967	
91	94501	64,487	
92	91762	63,819	
93	92115	63,755	
94	93906	63,733	
95	94806	63,603	
96	95020	63,522	
97	92346	63,395	
98	91977	63,267	
99	92404	63,261	
100	95127	63,220	
101	91770	63,177	
102	90640	62,873	
103	90019	62,816	
104	91950	62,783	
105	92707	62,698	
106	90660	62,507	
107	92627	62,437	
108	92504	62,423	
109	95608	62,330	
110	93905	61,633	
111	95014	61,480	
112	92647	61,476	
113	91702	61,464	
114	94122	61,248	
115	95111	61,183	
116	90004	61,105	
117	91732	61,075	
118	91761	60,827	
119	90731	60,813	
120	92630	60,804	
121	90042	60,509	
122	92570	60,370	
123	95112	59,959	
124	93030	59,844	
125	92324	59,628	
126	92507	59,612	
127	92571	59,417	
128	93117	59,298	
129	95355	59,272	
130	95051	59,209	
131	93312	59,200	
132	92057	59,190	
133	95828	59,139	
134	90001	58,974	
135	90066	58,851	
136	93309	58,709	
137	92780	58,654	
138	92117	58,651	
139	90006	58,560	
140	93291	58,394	
141	92113	58,231	
142	92020	57,796	
143	94568	57,395	
144	91764	57,265	
145	92027	57,225	
146	95670	57,222	
147	92071	57,207	
148	93313	57,200	
149	94087	57,015	
150	92392	56,938	
151	92223	56,925	
152	91405	56,821	
153	92708	56,811	
154	92130	56,741	
155	90813	56,726	
156	92129	56,608	
157	93458	56,572	
158	92646	56,568	
159	90744	56,450	
160	92530	56,442	
161	90034	56,416	
162	94591	56,333	
163	93063	56,259	
164	94109	55,797	
165	93436	55,727	
166	91344	55,694	
167	93215	55,648	
168	95122	55,619	
169	90745	55,567	
170	91745	55,394	
171	95376	55,296	
172	93308	55,211	
173	92399	55,070	
174	94539	55,006	
175	92234	54,812	
176	92701	54,796	
177	95116	54,758	
178	92505	54,706	
179	92618	54,509	
180	92840	54,315	
181	91406	54,309	
182	92557	54,275	
183	95023	54,197	
184	91786	54,165	
185	91801	54,161	
186	92584	54,130	
187	95125	54,076	
188	95350	54,044	
189	90723	53,949	
190	90063	53,846	
191	95616	53,805	
192	91304	53,637	
193	90002	53,402	
194	92870	53,194	
195	92056	53,124	
196	93277	53,114	
197	94601	53,104	
198	92078	52,810	
199	95648	52,777	
200	94550	52,617	
201	92833	52,537	
202	90018	52,444	
203	91605	52,345	
204	92025	52,276	
205	92128	52,225	
206	90024	52,069	
207	95124	52,049	
208	95037	51,968	
209	92656	51,940	
210	95757	51,676	
211	95207	51,652	
212	93003	51,461	
213	93638	51,353	
214	92886	51,312	
215	90047	51,057	
216	91913	51,054	
217	90220	51,042	
218	92024	50,994	
219 TIE	93551 and 92626	50,978	
220	90221	50,928	
221	91767	50,493	
222	92026	50,461	
223	92544	50,392	
224	91306	50,319	
225	92084	50,306	
226	92243	50,112	
227	92127	50,092	
228	92691	50,033	
229	92111	49,874	
230	90046	49,828	
231	94553	49,801	
232	90057	49,771	
233	92064	49,768	
234	90033	49,695	
235	90703	49,633	
236	94014	49,565	
237	92879	49,481	
238	95240	49,439	
239	90630	49,378	
240	94086	49,190	
241	95060	48,910	
242	95351	48,844	
243	92028	48,736	
244	90638	48,704	
245	95148	48,629	
246	93611	48,619	
247	94577	48,520	
248	95136	48,492	
249	92620	48,360	
250	94551	48,151	
251	94560	48,148	
252	92069	48,048	
253	95843	47,928	
254	95008	47,886	
255	90032	47,857	
256	92122	47,842	
257	94303	47,828	
258	92843	47,823	
259	92692	47,548	
260	90247	47,507	
261	90025	47,438	
262	90065	47,389	
263	95336	47,243	
264	95307	47,130	
265	93036	47,126	
266	92705	47,044	
267	92058	47,011	
268	95610	46,924	
269	93304	46,922	
270	92009	46,849	
271	92109	46,777	
272	93720	46,725	
273	91748	46,634	
274	93311	46,618	
275	94116	46,594	
276	92555	46,566	
277	90023	46,517	
278	93010	46,434	
279	90043	46,358	
280	90016	46,340	
281	91765	46,248	
282	90620	46,228	
283	91352	46,027	
284	90027	45,996	
285	92236	45,975	
286	92506	45,699	
287	92395	45,692	
288	92104	45,601	
289	92040	45,392	
290	92648	45,328	
291	93455	45,246	
292	95822	45,123	
293	94546	45,085	
294	91367	45,074	
295	94566	45,050	
296	91606	45,003	
297	93446	44,960	
298	91733	44,908	
299	94582	44,721	
300	95403	44,716	
301	92410	44,685	
302	91320	44,667	
303	91790	44,601	
304	92688	44,586	
305	94066	44,538	
306	92867	44,437	
307	92019	44,397	
308	94403	44,361	
309	90503	44,354	
310	95209	44,325	
311	92545	44,278	
312	96003	44,171	
313	92374	44,131	
314	92802	44,013	
315	94025	43,996	
316	95380	43,973	
317	94928	43,908	
318	94121	43,843	
319	93702	43,697	
320	91789	43,531	
321	94117	43,526	
322	95762	43,396	
323	94134	43,286	
324	94605	43,167	
325	95831	43,141	
326	95678	43,078	
327	94561	43,031	
328	93619	43,026	
329	93726	42,945	
330	94521	42,891	
331	95407	42,815	
332	93292	42,769	
333	90241	42,759	
334	95132	42,726	
335	91360	42,663	
336	94578	42,468	
337	94010	42,466	
338	92101	42,423	
339	92102	42,413	
340	90007	42,380	
341	92308	42,375	
342	90059	42,311	
343	90501	42,298	
344	94531	42,163	
345	90815	41,854	
346	91311	41,811	
347	95621	41,755	
348	90275	41,731	
349	90242	41,703	
350	95210	41,641	
351	92591	41,588	
352	91016	41,582	
353	92253	41,573	
354	93635	41,563	
355	93706	41,534	
356	94804	41,440	
357	95926	41,390	
358	90806	41,280	
359	94118	41,241	
360	94901	41,235	
361	90605	41,162	
362	91387	41,145	
363	93637	41,100	
364	95628	40,922	
365	95991	40,749	
366	91942	40,714	
367	92054	40,709	
368	95337	40,657	
369	93454	40,600	
370	90604	40,545	
371	91401	40,405	
372	95833	40,380	
373	95695	40,340	
374	95129	40,277	
375	92806	40,216	
376	90278	40,090	
377	95838	40,068	
378	95765	39,992	
379	91701	39,954	
380	95301	39,922	
381	92231	39,884	
382	92675	39,827	
383	93534	39,798	
384	90045	39,795	
385	93552	39,776	
386	90808	39,602	
387	92337	39,600	
388	91763	39,557	
389	90031	39,497	
390	95835	39,444	
391	90020	39,366	
392	91739	39,355	
393	90301	39,320	
394	92083	39,276	
395	95826	39,210	
396	95691	39,198	
397	90802	39,165	
398	92821	39,140	
399	92706	39,080	
400	94611	39,042	
401	94954	39,018	
402	90005	38,885	
403	95050	38,884	
404	95401	38,872	
405	92307	38,848	
406	94520	38,709	
407	93305	38,682	
408	93711	38,680	
409	94044	38,677	
410	91776	38,675	
411	95928	38,655	
412	91350	38,611	
413	94583	38,527	
414	92508	38,518	
415	94534	38,471	
416	95404	38,462	
417	93245	38,275	
418	92037	38,261	
419	95121	38,258	
420	93021	38,235	
421	95120	38,177	
422	94061	38,158	
423	90804	38,151	
424	95688	38,114	
425	90036	38,111	
426	95382	38,029	
427	94555	38,017	
428	91104	37,784	
429	95993	37,713	
430	94606	37,640	
431	91205	37,549	
432	92543	37,492	
433	94590	37,378	
434 TIE	90012 and 95825	37,268	
435	91340	37,221	
436	95476	37,150	
437	95205	37,133	
438	91362	37,085	
439	95126	37,063	
440 TIE	95660 and 90505	36,820	
441	91001	36,697	
442	90810	36,657	
443	90049	36,610	
444	92883	36,608	
445	93657	36,557	
446	92065	36,460	
447	95821	36,434	
448	95062	36,413	
449	95340	36,402	
450	93705	36,370	
451	94588	36,324	
452	93405	36,285	
453	94124	36,278	
454	92869	36,259	
455	95973	36,223	
456	91711	36,217	
457	92240	36,214	
458	92831	36,211	
459	92139	36,172	
460 TIE	91326 and 90029	36,126	
461	94063	36,110	
462	91752	36,087	
463	94404	36,086	
464	92807	36,057	
465	95128	35,986	
466	90062	35,908	
467	92649	35,856	
468	93012	35,726	
469	91768	35,634	
470	94603	35,486	
471	93612	35,475	
472	95667	35,452	
473	90621	35,448	
474	92660	35,409	
475	91601	35,312	
476	94952	35,198	
477	95901	35,181	
478	95820	35,145	
479	93561	35,133	
480	94114	35,077	
481	90266	35,064	
482	94401	35,013	
483	91722	34,951	
484	94523	34,929	
485	92131	34,922	
486	91780	34,854	
487	92394	34,836	
488	94040	34,804	
489	92301	34,791	
490	93955	34,757	
491	92596	34,743	
492	92672	34,659	
493	91325	34,637	
494	95361	34,624	
495	92260	34,553	
496	90222	34,547	
497	90260	34,540	
498	90277	34,494	
499	91750	34,468	
500	92551	34,441	
501	91321	34,340	
502	95348	34,302	
503	92103	34,246	
504	93710	34,123	
505	92123	34,103	
506	95341	34,047	
507	92595	34,034	
508	91604	34,021	
509	96001	34,008	
510	93422	34,005	
511	91915	33,991	
512	92841	33,990	
513	96002	33,943	
514	93555	33,925	
515	94115	33,841	
516	91007	33,827	
517	94621	33,820	
518	93060	33,799	
519	91206	33,781	
520	94526	33,738	
521	91773	33,703	
522	91107	33,481	
523	92220	33,360	
524	91754	33,343	
525	91791	33,314	
526	95842	33,287	
527	94102	33,264	
528	90230	33,135	
529	91941	33,126	
530	91354	33,039	
531	91423	32,968	
532	92679	32,784	
533	95118	32,768	
534	92124	32,754	
535	94941	32,707	
536	90504	32,703	
537 TIE	93940 and 90807	32,699	
538	92881	32,694	
539	93101	32,650	
540	90606	32,631	
541	92311	32,619	
542	95377	32,599	
543	95358	32,583	
544	94545	32,552	
545	91006	32,526	
546	92373	32,433	
547	95356	32,387	
548	95662	32,363	
549	92116	32,361	
550	92203	32,360	
551	90803	32,241	
552	93703	32,102	
553	95131	32,096	
554	92583	32,077	
555	92612	32,069	
556	95632	32,039	
557	94043	31,999	
558	93618	31,971	
559	90008	31,900	
560	95661	31,851	
561	93001	31,729	
562	95482	31,714	
563	95117	31,702	
564	91214	31,668	
565	92107	31,667	
566	94103	31,585	
567	94608	31,572	
568	94610	31,553	
569	94801	31,443	
570	95070	31,442	
571	90028	31,385	
572	93004	31,283	
573	92173	31,248	
574	91505	31,139	
575	95834	31,077	
576	91607	31,039	
577	91303	31,024	
578	96080	31,009	
579	91324	30,995	
580	90680	30,807	
581	93314	30,805	
582	93654	30,798	
583	92405	30,782	
584	90712	30,773	
585	91351	30,746	
586	91356	30,700	
587	92673	30,634	
588	90601	30,623	
589	95134	30,499	
590	94131	30,458	
591	93662	30,453	
592	94132	30,437	
593	92081	30,434	
594	94070	30,420	
595	91316	30,412	
596	96150	30,369	
597	91731	30,313	
598	95824	30,213	
599	94589	30,206	
600	94903	30,198	
601	91803	30,093	
602	92653	30,080	
603	92110	30,047	
604	90039	29,966	
605	95603	29,930	
606	93420	29,915	
607	90041	29,888	
608	91746	29,876	
609	91792	29,806	
610	92120	29,764	
611	94107	29,708	
612	95472	29,690	
613	94580	29,661	
614	94602	29,593	
615	95682	29,556	
616	94704	29,509	
617	95492	29,502	
618	95966	29,444	
619	91355	29,371	
620	90302	29,367	
621	94585	29,351	
622	94549	29,344	
623	93704	29,205	
624	92316	29,176	
625	95219	29,117	
626	95829	29,014	
627	95961	28,929	
628	95204	28,860	
629	94518	28,846	
630	91384	28,833	
631	90061	28,755	
632	93401	28,751	
633	90038	28,592	
634	90710	28,566	
635	92262	28,463	
636	93035	28,426	
637	91364	28,395	
638	93280	28,394	
639	95363	28,333	
640	92604	28,330	
641	95370	28,301	
642	94510	28,297	
643	95212	28,281	
644	95133	28,158	
645	93901	28,089	
646	91504	27,975	
647	90713	27,905	
648	94062	27,871	
649	90017	27,832	
650	90035	27,725	
651	94306	27,650	
652	94559	27,564	
653	90291	27,556	
654	91724	27,510	
655	90405	27,509	
656	92614	27,471	
657	90746	27,458	
658	92606	27,410	
659	95242	27,340	
660	91755	27,254	
661	95618	27,238	
662	92860	27,219	
663	93725	27,167	
664	92227	27,165	
665	94506	27,143	
666	90270	27,127	
667	92008	27,119	
668	92629	27,023	
669	93960	27,009	
670	94002	27,001	
671	91302	26,961	
672	93105	26,933	
673	94133	26,930	
674	91945	26,923	
675	95677	26,872	
676	91103	26,837	
677	90240	26,801	
678	95409	26,739	
679	92694	26,679	
680	94598	26,666	
681	91042	26,617	
682	90304	26,584	
683	92868	26,549	
684	91010	26,516	
685	92411	26,361	
686	91932	26,323	
687	91784	26,296	
688	95945	26,281	
689	90249	26,192	
690	92835	26,115	
691	91740	26,099	
692	94547	26,090	
693	94123	26,074	
694	91741	26,071	
695	94803	26,062	
696	91301	26,021	
697	90064	25,988	
698 TIE	94402 and 95815	25,966	
699	94530	25,925	
700	92832	25,887	
701	95032	25,865	
702	91403	25,837	
703	94947	25,809	
704	91307	25,794	
705	92284	25,791	
706	94607	25,723	
707	92211	25,530	
708	91030	25,478	
709	95215	25,473	
710	90602	25,426	
711	92532	25,333	
712	95003	25,230	
713	91106	25,205	
714	93933	25,056	
715	95864	25,001	
716	95367	24,976	
717	92119	24,915	
718	91411	24,893	
719	92011	24,843	
720	94619	24,833	
721	95503	24,631	
722	90274	24,541	
723	91775	24,517	
724	95354	24,481	
725	92277	24,464	
726	90403	24,359	
727	93907	24,337	
728	92251	24,321	
729	95776	24,311	
730	90740	24,288	
731	93041	24,102	
732	95330	24,096	
733	91737	24,064	
734	95531	24,052	
735	90303	23,961	
736	95054	23,959	
737	95501	23,948	
738	90292	23,931	
739	90015	23,900	
740	92585	23,868	
741	92651	23,732	
742	94609	23,729	
743	94024	23,704	
744	96007	23,670	
745	94085	23,592	
746	92118	23,426	
747	91202	23,399	
748	93610	23,279	
749	94597	23,263	
750	95746	23,208	
751	92782	23,166	
752	90404	23,107	
753	94089	23,049	
754 TIE	94030 and 90720	22,998	
755	92354	22,991	
756	95405	22,875	
757	91201	22,786	
758	92663	22,721	
759	92844	22,686	
760	93212	22,596	
761	90732	22,561	
762	93203	22,546	
763	92225	22,520	
764	95135	22,509	
765	92344	22,415	
766	93444	22,383	
767	95620	22,312	
768	94596	22,247	
769	92501	21,967	
770	94703	21,942	
771	91101	21,920	
772	93263	21,854	
773	90272	21,848	
774	92808	21,787	
775	90048	21,766	
776	92602	21,666	
777	90068	21,590	
778	94579	21,541	
779	95391	21,488	
780	95818	21,437	
781	94706	21,404	
782	95827	21,325	
783	95521	21,193	
784	92108	21,013	
785	93023	21,011	
786	92865	21,003	
787	93560	20,988	
788	90717	20,919	
789 TIE	92264 and 92371	20,881	
790	90603	20,780	
791	95949	20,763	
792	93630	20,727	
793	95965	20,681	
794 TIE	91040 and 92377	20,606	
795	95138	20,597	
796	92106	20,592	
797	93103	20,542	
798	90715	20,505	
799	94127	20,413	
800	95819	20,379	
801	91602	20,339	
802	94519	20,317	
803	94503	20,295	
804	94019	20,207	
805	92603	20,183	
806	91011	20,174	
807	95841	20,063	
808	90069	20,035	
809	95110	20,004	
810	91361	19,953	
811	96130	19,859	
812	94022	19,701	
813	91381	19,675	
814	92082	19,636	
815	91501	19,459	
816	92887	19,362	
817	92029	19,361	
818	94563	19,351	
819	90210	19,229	
820	94564	19,201	
821	90254	19,147	
822	95969	19,112	
823	91390	19,093	
824	91204	18,950	
825	95519	18,831	
826	91345	18,825	
827	96161	18,782	
828	95366	18,728	
829	90814	18,714	
830	92586	18,615	
831	95602	18,588	
832	92270	18,537	
833	90502	18,527	
834	93111	18,468	
835	93268	18,389	
836	93927	18,344	
837	93210	18,339	
838	92582	18,243	
839	93015	18,182	
840	94945	18,084	
841	90265	18,028	
842	92587	18,017	
843	94949	17,942	
844	91901	17,896	
845	91506	17,864	
846	95959	17,838	
847	91902	17,760	
848	94595	17,730	
849	91723	17,664	
850	95334	17,624	
851	93930	17,599	
852	94301	17,470	
853	95448	17,353	
854	93247	17,334	
855	92617	17,213	
856	94618	17,110	
857	93013	17,021	
858	92610	17,002	
859	94702	17,000	
860	93241	16,988	
861	95816	16,913	
862	91914	16,889	
863	93728	16,738	
864	91436	16,737	
865	90245	16,575	
866	93648	16,543	
867	90701	16,500	
868	90670	16,410	
869	95673	16,337	
870	94305	16,283	
871	94612	16,203	
872	94960	16,199	
873	93402	16,198	
874	93631	16,163	
875	92637	16,034	
876	94505	15,974	
877	95963	15,904	
878	91203	15,794	
879	95252	15,779	
880	93110	15,777	
881	94556	15,776	
882	95422	15,644	
883	90623	15,624	
884	92010	15,600	
885	95203	15,561	
886	95304	15,533	
887	92845	15,490	
888	93950	15,471	
889	92866	15,428	
890	90305	15,373	
891	94502	15,340	
892	95066	15,275	
893	95368	15,251	
894	94552	15,220	
895	95650	15,172	
896	94542	15,149	
897	91208	15,146	
898	95437	15,098	
899	96021	14,970	
900	90232	14,921	
901	93250	14,689	
902	96022	14,624	
903	93543	14,605	
904	93221	14,596	
905	95605	14,468	
906	95315	14,434	
907	93514	14,423	
908	95540	14,316	
909	92408	14,312	
910	94805	14,292	
911	90716	14,170	
912	92274	14,105	
913	94507	14,059	
914	95130	14,051	
915	94041	13,996	
916	93505	13,993	
917	91377	13,987	
918	95817	13,966	
919	95388	13,805	
920	93723	13,793	
921	95490	13,731	
922	95030	13,631	
923	94705	13,612	
924	93640	13,578	
925	95360	13,571	
926	94108	13,535	
927	93433	13,481	
928	94904	13,319	
929	91108	13,175	
930	92625	13,149	
931	92014	13,133	
932	93204	13,033	
933	95357	13,011	
934	90013	13,009	
935	95320	12,990	
936	94517	12,970	
937	94105	12,944	
938	93923	12,922	
939	90293	12,915	
940	92055	12,783	
941	95832	12,695	
942	92075	12,691	
943	91105	12,648	
944	95742	12,643	
945	93301	12,624	
946	94920	12,592	
947	93730	12,571	
948	92313	12,559	
949	95814	12,551	
950	93636	12,527	
951	94709	12,411	
952	90040	12,363	
953	95954	12,221	
954	93908	12,195	
955	93614	12,132	
956	95948	12,122	
957	95451	12,031	
958	92007	11,973	
959	94708	11,899	
960	94707	11,887	
961	90212	11,878	
962	95640	11,872	
963	90402	11,637	
964	94065	11,603	
965	93647	11,485	
966	90755	11,458	
967	94965	11,438	
968	90248	11,425	
969	91207	11,318	
970 TIE	93109 and 95073	11,289	
971	93646	11,240	
972	91502	11,218	
973	95453	11,209	
974	95425	11,144	
975	95953	11,073	
976	93219	10,998	
977	93442	10,955	
978	91978	10,949	
979	93223	10,842	
980	91024	10,829	
981	92314	10,684	
982	95326	10,669	
983	95338	10,633	
984	95064	10,622	
985	95694	10,549	
986	95713	10,545	
987	95386	10,493	
988	93286	10,466	
989	93108	10,451	
990	95119	10,450	
991	93701	10,398	
992	94571	10,330	
993	96019	10,216	
994	95012	10,083	
995	95322	10,016	
996	92567	10,012	
997	94572	9,997	
998	95033	9,910	
999	94925	9,793	
1,000	92359	9,779	
1,001	93546	9,750	
1,002	92310	9,573	
1,003	92252	9,500	
1,004	96097	9,468	
1,005	93465	9,465	
1,006	95006	9,457	
1,007	93622	9,417	
1,008	91935	9,270	
1,009	94158	9,231	
1,010	90211	9,211	
1,011	90014	9,126	
1,012	94931	9,097	
1,013	90094	9,065	
1,014	92320	9,022	
1,015	92657	8,988	
1,016	92067	8,968	
1,017	95010	8,908	
1,018	93926	8,893	
1,019	94930	8,794	
1,020	91020	8,785	
1,021	95019	8,743	
1,022	95324	8,738	
1,023	92655	8,730	
1,024	92325	8,647	
1,025	95327	8,542	
1,026	94574	8,527	
1,027	92548	8,502	
1,028	93721	8,475	
1,029	95988	8,460	
1,030	92249	8,459	
1,031	93620	8,452	
1,032	92254	8,336	
1,033	95946	8,335	
1,034	90077	8,328	
1,035	93644	8,272	
1,036	92250	8,255	
1,037	95220	8,228	
1,038	95726	8,207	
1,039	95065	8,164	
1,040	92276	8,158	
1,041	94710	8,123	
1,042	95316	8,090	
1,043	90056	8,058	
1,044	93449	8,042	
1,045	93463	7,846	
1,046	95005	7,731	
1,047 TIE	92241 and 93625	7,695	
1,048	93434	7,654	
1,049	95932	7,573	
1,050	94515	7,525	
1,051	92233	7,520	
1,052	93510	7,433	
1,053	93445	7,327	
1,054	95139	7,262	
1,055	93234	7,258	
1,056	94027	7,193	
1,057	96094	7,104	
1,058	90401	7,079	
1,059	96067	7,050	
1,060	94939	6,910	
1,061	95811	6,878	
1,062	92342	6,725	
1,063	94028	6,718	
1,064 TIE	95202 and 93022	6,607	
1,065	95631	6,604	
1,066	95436	6,602	
1,067	93591	6,557	
1,068	95642	6,547	
1,069	95672	6,543	
1,070	95619	6,504	
1,071	95658	6,491	
1,072	93924	6,421	
1,073	95693	6,404	
1,074	92624	6,376	
1,075	95018	6,348	
1,076	93615	6,335	
1,077	93267	6,325	
1,078	92352	6,319	
1,079	92356	6,199	
1,080	93427	6,195	
1,081	93240	6,096	
1,082	95683	6,084	
1,083	95987	6,040	
1,084	93460	6,023	
1,085	95249	5,988	
1,086	95971	5,948	
1,087	95467	5,909	
1,088	95046	5,905	
1,089	92861	5,886	
1,090	95626	5,879	
1,091	93256	5,811	
1,092	93656	5,806	
1,093	92372	5,796	
1,094	93428	5,758	
1,095	95709	5,634	
1,096 TIE	93225 and 93270	5,538	
1,097	95231	5,520	
1,098	95222	5,418	
1,099	92363	5,374	
1,100	95470	5,359	
1,101	93609	5,328	
1,102	92315	5,307	
1,103	92590	5,215	
1,104	90290	5,200	
1,105	96101	5,152	
1,106	92210	5,137	
1,107	92003	5,123	
1,108	95912	5,112	
1,109	96088	5,022	
1,110	92278	5,001	
1,111	92823	4,996	
1,112	95722	4,969	
1,113	95446	4,951	
1,114	93272	4,925	
1,115	95692	4,924	
1,116	95669	4,899	
1,117	96013	4,883	
1,118	91708	4,880	
1,119	92382	4,816	
1,120	93501	4,798	
1,121	95685	4,796	
1,122	95666	4,692	
1,123	92121	4,668	
1,124	94005	4,645	
1,125	92397	4,638	
1,126	93235	4,561	
1,127	96073	4,538	
1,128	95627	4,516	
1,129	95228	4,486	
1,130	95633	4,482	
1,131	95236	4,458	
1,132	95614	4,446	
1,133	92539	4,433	
1,134	94304	4,391	
1,135	96064	4,368	
1,136	95045	4,340	
1,137	95655	4,334	
1,138	91906	4,327	
1,139	95004	4,295	
1,140	95365	4,292	
1,141	93202	4,236	
1,142	93451	4,233	
1,143	95938	4,202	
1,144	90704	4,201	
1,145	96055	4,194	
1,146	90010	4,108	
1,147	94508	4,083	
1,148	93660	4,082	
1,149	94111	4,023	
1,150	94129	4,011	
1,151	95623	3,949	
1,152	95634	3,921	
1,153	95917	3,881	
1,154	95379	3,856	
1,155	95247	3,853	
1,156	95053	3,835	
1,157	92661	3,825	
1,158	95258	3,820	
1,159	95383	3,816	
1,160	93953	3,783	
1,161	93675	3,775	
1,162	90089	3,740	
1,163	95665	3,729	
1,164	93523	3,681	
1,165	95328	3,680	
1,166	94951	3,672	
1,167	95237	3,655	
1,168	93437	3,646	
1,169	95423	3,597	
1,170	96122	3,594	
1,171	95321	3,544	
1,172	95546	3,507	
1,173	96093	3,469	
1,174	93242	3,455	
1,175	92140	3,443	
1,176	95562	3,412	
1,177	94535	3,407	
1,178	96143	3,356	
1,179	94038	3,350	
1,180	96035	3,341	
1,181	93602	3,330	
1,182	90021	3,285	
1,183	94525	3,231	
1,184	93265	3,230	
1,185	94130	3,184	
1,186	93252	3,180	
1,187	92256	3,176	
1,188	95442	3,143	
1,189	91330	3,136	
1,190	96114	3,129	
1,191	95982	3,097	
1,192	95536	3,081	
1,193	96137	3,076	
1,194	94599	3,070	
1,195	95457	3,061	
1,196	93643	3,059	
1,197	95333	3,012	
1,198	90058	3,003	
1,199	92549	2,988	
1,200	94964	2,959	
1,201	93921	2,951	
1,202	93066	2,925	
1,203	93650	2,885	
1,204	96041	2,871	
1,205	92281	2,865	
1,206	95684	2,857	
1,207	94037	2,833	
1,208	94720	2,829	
1,209	95458	2,825	
1,210	95428	2,821	
1,211	95485	2,804	
1,212	95663	2,787	
1,213	96032	2,732	
1,214	95464	2,715	
1,215	95461	2,714	
1,216	92662	2,710	
1,217	93271	2,699	
1,218	93430	2,681	
1,219	96145	2,664	
1,220	91962	2,652	
1,221	92536	2,639	
1,222	93532	2,637	
1,223	92036	2,619	
1,224	95918	2,613	
1,225	95951	2,603	
1,226	95223	2,602	
1,227	95570	2,599	
1,228	90067	2,560	
1,229	95113	2,550	
1,230	92275	2,531	
1,231	92365	2,527	
1,232	93626	2,464	
1,233	92285	2,440	
1,234	96020	2,417	
1,235	93453	2,414	
1,236	93516	2,406	
1,237	93616	2,370	
1,238	92230	2,363	
1,239	95211	2,343	
1,240	95329	2,318	
1,241	93651	2,289	
1,242	92004	2,284	
1,243 TIE	96027 and 92061	2,273	
1,244	92391	2,263	
1,245	95542	2,262	
1,246	95002	2,251	
1,247	96025	2,232	
1,248	93283	2,216	
1,249	93261	2,179	
1,250	95454	2,165	
1,251	93205	2,164	
1,252	95638	2,142	
1,253	93667	2,112	
1,254	95460	2,106	
1,255	94514	2,081	
1,256	96134	2,075	
1,257	95690	2,060	
1,258	92386	2,038	
1,259	92676	2,033	
1,260	94511	2,015	
1,261	93285	2,009	
1,262	95445	1,989	
1,263	94020	1,979	
1,264	95311	1,976	
1,265	92401	1,971	
1,266	93249	1,959	
1,267	92145	1,948	
1,268	96113	1,916	
1,269	95465	1,908	
1,270	95567	1,888	
1,271	92273	1,847	
1,272	93040	1,822	
1,273	90263	1,813	
1,274	93222	1,812	
1,275	93925	1,794	
1,276	93239	1,785	
1,277	91916	1,775	
1,278	95524	1,764	
1,279	95372	1,761	
1,280	93562	1,757	
1,281	95528	1,745	
1,282	93206	1,741	
1,283	95975	1,736	
1,284 TIE	96056 and 92283	1,730	
1,285	96052	1,724	
1,286	93426	1,717	
1,287	95374	1,714	
1,288	95645	1,704	
1,289	95441	1,696	
1,290	93527	1,690	
1,291	95947	1,676	
1,292	96118	1,671	
1,293	91905	1,665	
1,294	95421	1,662	
1,295	95310	1,654	
1,296	95245	1,650	
1,297	92398	1,643	
1,298	95942	1,605	
1,299 TIE	95551 and 95903	1,601	
1,300	95255	1,591	
1,301	95977	1,586	
1,302	92059	1,578	
1,303	95319	1,548	
1,304	95937	1,542	
1,305	95560	1,534	
1,306	93545	1,522	
1,307	94973	1,515	
1,308 TIE	95955, 93553, and 93243	1,513	
1,309	95469	1,499	
1,310	95323	1,484	
1,311	92561	1,471	
1,312	95612	1,465	
1,313	95389	1,464	
1,314	93513	1,461	
1,315	95641	1,459	
1,316	95689	1,454	
1,317	92282	1,440	
1,318	93461	1,437	
1,319	93920	1,430	
1,320	93601	1,418	
1,321	95525	1,403	
1,322	95449	1,393	
1,323 TIE	95636 and 92339	1,382	
1,324	95468	1,369	
1,325	93258	1,366	
1,326	93440	1,355	
1,327	96140	1,345	
1,328 TIE	96103 and 96008	1,343	
1,329	92091	1,311	
1,330	95919	1,306	
1,331	93653	1,304	
1,332	92242	1,300	
1,333	95573	1,285	
1,334	95664	1,280	
1,335 TIE	94924 and 95415	1,273	
1,336	92518	1,266	
1,337	92086	1,259	
1,338	93201	1,251	
1,339	95246	1,234	
1,340	95462	1,224	
1,341 TIE	92257 and 96062	1,217	
1,342	95039	1,209	
1,343	95916	1,206	
1,344	93668	1,200	
1,345	96051	1,193	
1,346	96023	1,188	
1,347 TIE	94923 and 94957	1,185	
1,348	94956	1,181	
1,349	94575	1,176	
1,350	95968	1,172	
1,351	96069	1,167	
1,352	95313	1,166	
1,353	95346	1,159	
1,354	95497	1,156	
1,355	95589	1,140	
1,356	95686	1,133	
1,357	96044	1,125	
1,358	95426	1,124	
1,359	95548	1,123	
1,360	93432	1,112	
1,361	94060	1,098	
1,362	96146	1,096	
1,363	96057	1,089	
1,364	95549	1,088	
1,365 TIE	93266 and 93544	1,086	
1,366	95317	1,085	
1,367	91008	1,079	
1,368	95701	1,064	
1,369	92368	1,058	
1,370 TIE	93608 and 96107	1,057	
1,371	95962	1,053	
1,372	95547	1,051	
1,373	91917	1,048	
1,374	94592	1,038	
1,375	93666	1,029	
1,376	95681	1,023	
1,377 TIE	95303 and 93928	1,019	
1,378	96028	1,000	
1,379	95369	978	
1,380	95410	970	
1,381	94938	967	
1,382	90073	962	
1,383	93424	955	
1,384	95466	943	
1,385	96047	939	
1,386	93624	935	
1,387	96142	934	
1,388	96120	927	
1,389 TIE	96104 and 94937	920	
1,390	96109	914	
1,391 TIE	95703, 95556, and 95674	910	
1,392	92321	907	
1,393	96039	896	
1,394	92070	892	
1,395	94933	880	
1,396	95615	877	
1,397	94567	869	
1,398	94613	868	
1,399	93441	861	
1,400	93450	856	
1,401	93255	854	
1,402	95941	848	
1,403	95306	841	
1,404	95459	838	
1,405	92327	835	
1,406	93518	833	
1,407	95017	831	
1,408	93218	827	
1,409	96024	825	
1,410	96128	823	
1,411	94586	817	
1,412	93238	810	
1,413	94528	804	
1,414	95635	801	
1,415	96048	795	
1,416	91934	785	
1,417	95553	783	
1,418	93606	776	
1,419	93526	767	
1,420	93254	757	
1,421	95659	748	
1,422	95452	740	
1,423	95227	734	
1,424	95943	731	
1,425	95043	727	
1,426	94922	726	
1,427 TIE	94946 and 95957	723	
1,428	95254	721	
1,429	96096	718	
1,430	96038	717	
1,431	95345	715	
1,432	93673	702	
1,433	92358	701	
1,434 TIE	96087 and 95552	699	
1,435	92347	683	
1,436	95456	682	
1,437	96148	679	
1,438	96091	678	
1,439	95830	670	
1,440	95565	662	
1,441	95230	661	
1,442	95914	660	
1,443	94970	653	
1,444	92135	637	
1,445	95652	635	
1,446	92309	634	
1,447	95543	629	
1,448	93517	627	
1,449	95225	618	
1,450	90742	617	
1,451	96006	615	
1,452	92305	613	
1,453	95387	600	
1,454	95432	596	
1,455 TIE	95939 and 95960	592	
1,456	95563	591	
1,457	95668	588	
1,458	92328	578	
1,459	95537	577	
1,460	94021	574	
1,461	95471	569	
1,462	93652	563	
1,463	92322	558	
1,464	92678	555	
1,465	93452	550	
1,466	95427	548	
1,467	95970	533	
1,468	91931	530	
1,469	92258	517	
1,470	96084	514	
1,471	95922	512	
1,472	95629	511	
1,473	96058	507	
1,474	96090	503	
1,475 TIE	93932 and 95653	502	
1,476	95251	496	
1,477	95950	494	
1,478	93665	492	
1,479	95412	485	
1,480	96033	484	
1,481	95651	480	
1,482	91963	479	
1,483	96059	478	
1,484 TIE	95564 and 96106	465	
1,485 TIE	92155 and 96141	463	
1,486	92060	457	
1,487	95714	445	
1,488	95439	444	
1,489 TIE	93954 and 94104	438	
1,490	95527	437	
1,491	95385	430	
1,492	95075	429	
1,493 TIE	95585 and 95675	420	
1,494 TIE	93563 and 95554	419	
1,495	96050	414	
1,496	93529	413	
1,497 TIE	92333 and 95558	409	
1,498	95956	399	
1,499	95979	397	
1,500	92147	396	
1,501	95007	395	
1,502	95555	390	
1,503	95257	386	
1,504	95233	381	
1,505	93962	373	
1,506	93531	371	
1,507	93664	370	
1,508	93067	369	
1,509	96124	367	
1,510 TIE	93604 and 96016	366	
1,511	93224	364	
1,512	92268	360	
1,513	95444	357	
1,514	96075	353	
1,515	91210	352	
1,516 TIE	96105 and 91759	351	
1,517	92066	350	
1,518	95041	349	
1,519	96015	334	
1,520 TIE	95728 and 96034	328	
1,521	93244	326	
1,522 TIE	93669 and 96092	320	
1,523	93592	316	
1,524	95435	313	
1,525 TIE	94929 and 95639	309	
1,526	95983	306	
1,527 TIE	95920 and 96117	304	
1,528 TIE	95984, 95607, and 95606	303	
1,529	96129	301	
1,530	96121	298	
1,531	92134	297	
1,532	92239	295	
1,533	96009	291	
1,534	93628	289	
1,535	96065	286	
1,536	96135	280	
1,537	95736	277	
1,538	93549	273	
1,539	95318	271	
1,540	93541	266	
1,541 TIE	96054 and 95837	265	
1,542 TIE	95925 and 93641	261	
1,543	96011	260	
1,544	95417	257	
1,545	90743	256	
1,546	96063	250	
1,547 TIE	94548 and 92341	248	
1,548 TIE	93260, 95569, 94940, and 93512	244	
1,549	94569	242	
1,550	96086	239	
1,551	93251	237	
1,552 TIE	95420 and 92385	235	
1,553	94516	233	
1,554	94972	227	
1,555	95450	223	
1,556	93645	222	
1,557	93207	216	
1,558	92389	212	
1,559	95568	211	
1,560 TIE	96112 and 95526	210	
1,561	95312	206	
1,562	95232	203	
1,563	96017	202	
1,564	96076	201	
1,565	96068	200	
1,566	94971	197	
1,567	95250	196	
1,568 TIE	94963 and 95224	195	
1,569	95698	193	
1,570	95488	192	
1,571	91046	191	
1,572	96029	190	
1,573 TIE	96037 and 95697	188	
1,574	95443	183	
1,575	95494	181	
1,576	94074	177	
1,577	95625	175	
1,578	94128	173	
1,579	95550	172	
1,580	96115	167	
1,581	96126	166	
1,582 TIE	97635 and 93524	164	
1,583	92378	163	
1,584 TIE	96014 and 95595	160	
1,585	93605	159	
1,586	96108	158	
1,587	95910	157	
1,588	95646	156	
1,589	95978	153	
1,590	90071	152	
1,591	95717	150	
1,592	96116	149	
1,593	93603	141	
1,594	95637	140	
1,595	95511	138	
1,596 TIE	95601 and 96133	136	
1,597 TIE	93276 and 93627	134	
1,598	90822	133	
1,599 TIE	96046, 95571, and 93042	124	
1,600 TIE	94576 and 95986	123	
1,601	95431	121	
1,602	92266	119	
1,603 TIE	93621 and 94950	118	
1,604 TIE	91948 and 95930	115	
1,605	95935	113	
1,606	96111	111	
1,607 TIE	95545 and 93208	110	
1,608 TIE	95463, 96074, and 95514	109	
1,609 TIE	95248 and 95720	108	
1,610	95559	102	
1,611	95715	101	
1,612 TIE	95936, 95493, and 93554	99	
1,613 TIE	96031 and 96010	96	
1,614	95314	95	
1,615	92332	94	
1,616	93522	90	
1,617	92259	89	
1,618 TIE	95335 and 93429	88	
1,619 TIE	96110 and 96049	87	
1,620 TIE	95429 and 96125	84	
1,621 TIE	93043 and 93226	82	
1,622 TIE	95944 and 95934	80	
1,623	93287	75	
1,624	94573	70	
1,625	96040	68	
1,626	96085	66	
1,627	95325	65	
1,628	95679	63	
1,629 TIE	95604 and 95587	62	
1,630	93623	59	
1,631	95140	56	
1,632	96132	54	
1,633	93528	48	
1,634 TIE	93220, 93262, and 96123	45	
1,635	95486	44	
1,636	95981	35	
1,637	95013	34	
1,638	95735	33	
1,639 TIE	93634 and 95923	27	
1,640	92267	26	
1,641	96136	24	
1,642	95724	23	
1,643	96071	21	
1,644 TIE	92384, 94512, and 91608	18	
1,645	93558	17	
1,646 TIE	95699 and 95430	13	
1,647	96119	11	
1,648	92304	7	
1,649	93530	6	
1,650 TIE	92364 and 95375	5	
